Graph with 8 vertices.
[-1, 12, 42, 57, 7, 61, 85, 100]
[30, -1, 37, 3, 50, 83, 86, 87]
[68, 5, -1, 87, 80, 51, 10, 62]
[23, 69, 55, -1, 43, 62, 79, 94]
[62, 46, 86, 13, -1, 24, 32, 50]
[87, 94, 24, 74, 82, -1, 70, 98]
[100, 27, 37, 92, 44, 64, -1, 19]
[85, 79, 45, 66, 22, 29, 4, -1]

Brute force:
([0, 4, 6, 7, 5, 2, 1, 3], 142)
0.0167269706726

Greedy:
([0, 4, 3, 2, 1, 5, 6, 7, 6], 256)
5.91278076172e-05

Branch and boundary:
([0, 4, 6, 7, 5, 2, 1, 3], 142.0)
0.00670099258423

Local search(2 opt):
(array([3, 6, 7, 4, 5, 2, 0, 1]), 251.0)
0.00229787826538

Local search(3 opt):
(array([0, 1, 2, 3, 4, 5, 6, 7]), 377)
0.000189065933228
Graph with 9 vertices.
[-1, 83, 37, 59, 74, 29, 91, 85, 81]
[28, -1, 12, 32, 23, 52, 41, 16, 27]
[61, 54, -1, 56, 91, 47, 4, 34, 97]
[64, 58, 28, -1, 64, 51, 33, 70, 59]
[93, 46, 99, 80, -1, 86, 61, 38, 53]
[32, 37, 15, 25, 86, -1, 56, 94, 28]
[85, 73, 85, 83, 92, 48, -1, 80, 21]
[71, 59, 83, 59, 25, 88, 81, -1, 70]
[27, 37, 9, 83, 63, 61, 67, 32, -1]

Brute force:
([0, 5, 3, 2, 6, 8, 7, 4, 1], 238)
0.105602025986

Greedy:
([0, 5, 2, 6, 8, 7, 4, 1, 3, 2], 232)
4.98294830322e-05

Branch and boundary:
([0, 5, 3, 2, 6, 8, 7, 4, 1], 238.0)
0.00723099708557

Local search(2 opt):
(array([0, 5, 3, 7, 4, 1, 2, 6, 8]), 259.0)
0.0022509098053

Local search(3 opt):
(array([0, 1, 2, 3, 4, 5, 6, 7, 8]), 534)
0.000200986862183
