

Graph with 9 vertices.
[-1, 52, 29, 53, 52, 67, 84, 96, 62]
[21, -1, 69, 27, 72, 11, 57, 63, 50]
[5, 84, -1, 95, 15, 15, 98, 35, 12]
[28, 1, 41, -1, 92, 87, 54, 34, 26]
[29, 72, 84, 94, -1, 33, 36, 13, 2]
[1, 52, 91, 25, 29, -1, 23, 96, 40]
[9, 22, 63, 50, 84, 99, -1, 50, 29]
[32, 33, 17, 71, 29, 22, 70, -1, 44]
[3, 39, 18, 51, 68, 87, 17, 81, -1]


Greedy:
([0, 2, 8, 6, 1, 5, 3, 7, 4, 8], 181)
7.41481781006e-05

Branch and boundary:
([0, 3, 1, 5, 4, 7, 2, 8, 6], 162.0)
0.00926089286804

Local search(2 opt):
(array([4, 5, 6, 7, 1, 3, 8, 0, 2]), 239.0)
0.00365710258484

Local search(3 opt):
(array([0, 1, 3, 2, 5, 6, 7, 4, 8]), 242.0)
0.0044379234314


Graph with 10 vertices.
[-1, 27, 3, 50, 71, 72, 96, 67, 55, 75]
[59, -1, 10, 80, 55, 76, 53, 28, 10, 99]
[93, 89, -1, 85, 23, 74, 69, 28, 72, 62]
[61, 6, 38, -1, 19, 10, 15, 36, 87, 54]
[31, 28, 54, 100, -1, 28, 76, 3, 3, 32]
[46, 53, 24, 32, 6, -1, 80, 84, 72, 64]
[74, 21, 4, 32, 64, 27, -1, 59, 73, 7]
[22, 33, 82, 46, 12, 46, 41, -1, 89, 6]
[46, 29, 42, 6, 98, 48, 12, 94, -1, 21]
[27, 50, 66, 5, 59, 88, 43, 83, 71, -1]


Greedy:
([0, 2, 4, 7, 9, 3, 1, 8, 6, 5, 4], 101)
7.5101852417e-05

Branch and boundary:
([0, 2, 7, 9, 3, 1, 8, 6, 5, 4], 134.0)
0.0122117996216

Local search(2 opt):
(array([0, 2, 7, 4, 5, 3, 6, 1, 8, 9]), 197.0)
0.00349998474121

Local search(3 opt):
(array([3, 5, 2, 4, 7, 0, 1, 8, 6, 9]), 143.0)
0.0131118297577


Graph with 11 vertices.
[-1, 89, 47, 77, 21, 74, 29, 39, 99, 71, 81]
[23, -1, 2, 71, 65, 86, 42, 70, 32, 63, 14]
[76, 20, -1, 55, 28, 15, 36, 30, 95, 27, 95]
[79, 95, 9, -1, 71, 81, 91, 63, 52, 34, 51]
[72, 8, 52, 85, -1, 81, 18, 56, 44, 40, 60]
[65, 83, 75, 70, 100, -1, 6, 40, 27, 54, 97]
[55, 31, 85, 42, 59, 94, -1, 1, 3, 50, 95]
[64, 23, 35, 79, 13, 14, 82, -1, 62, 48, 29]
[63, 47, 96, 23, 3, 49, 50, 9, -1, 14, 36]
[88, 24, 94, 2, 58, 44, 15, 74, 55, -1, 10]
[40, 52, 56, 75, 34, 5, 96, 51, 11, 7, -1]


Greedy:
([0, 4, 1, 2, 5, 6, 7, 10, 9, 3, 8, 4], 146)
9.10758972168e-05

Branch and boundary:
([0, 4, 1, 10, 9, 3, 2, 5, 6, 8, 7], 158.0)
0.0100159645081

Local search(2 opt):
(array([ 6,  1,  2,  4,  8,  3,  9, 10,  0,  7,  5]), 271.0)
0.00560784339905

Local search(3 opt):
(array([ 0,  3,  2,  5,  6,  7,  4,  1,  8,  9, 10]), 225.0)
0.00434112548828


Graph with 12 vertices.
[-1, 36, 45, 42, 10, 91, 44, 6, 17, 4, 81, 55]
[52, -1, 33, 84, 86, 55, 84, 69, 35, 17, 100, 86]
[52, 90, -1, 39, 34, 63, 44, 12, 77, 5, 27, 10]
[56, 15, 75, -1, 24, 33, 49, 12, 3, 31, 67, 60]
[42, 33, 79, 79, -1, 20, 18, 59, 86, 60, 95, 59]
[28, 27, 89, 67, 26, -1, 94, 25, 67, 18, 98, 24]
[22, 68, 47, 23, 28, 84, -1, 14, 81, 77, 51, 6]
[84, 45, 100, 2, 75, 85, 77, -1, 97, 54, 41, 14]
[76, 94, 7, 40, 62, 5, 80, 19, -1, 10, 60, 46]
[30, 22, 58, 63, 91, 23, 45, 18, 24, -1, 51, 93]
[74, 43, 81, 81, 55, 80, 70, 100, 30, 37, -1, 78]
[47, 49, 32, 54, 8, 1, 80, 6, 49, 28, 59, -1]


Greedy:
([0, 9, 7, 3, 8, 5, 11, 4, 6, 2, 10, 1, 9], 216)
5.98430633545e-05

Branch and boundary:
([0, 4, 6, 11, 5, 7, 3, 8, 2, 10, 1, 9], 189.0)
0.011223077774

Local search(2 opt):
(array([ 9,  6,  7,  3,  8,  2, 11,  4,  5,  0, 10,  1]), 278.0)
0.00797200202942

Local search(3 opt):
(array([ 5,  0,  4,  6,  7,  3,  1,  9, 10,  8,  2, 11]), 203.0)
0.0136520862579


Graph with 13 vertices.
[-1, 100, 52, 75, 3, 76, 11, 84, 74, 16, 71, 57, 38]
[39, -1, 80, 81, 66, 47, 82, 19, 84, 58, 54, 21, 93]
[39, 45, -1, 63, 90, 29, 82, 40, 56, 99, 3, 73, 70]
[59, 42, 26, -1, 100, 35, 74, 6, 23, 70, 55, 23, 67]
[26, 84, 72, 99, -1, 39, 13, 10, 62, 95, 9, 19, 86]
[44, 89, 4, 29, 54, -1, 12, 31, 82, 10, 16, 44, 20]
[22, 37, 86, 57, 100, 43, -1, 54, 45, 75, 34, 21, 58]
[48, 53, 29, 32, 32, 50, 19, -1, 30, 17, 38, 57, 80]
[74, 63, 19, 65, 44, 25, 5, 6, -1, 96, 96, 76, 50]
[98, 12, 61, 88, 32, 79, 89, 25, 34, -1, 89, 9, 82]
[23, 34, 44, 7, 85, 17, 64, 5, 11, 94, -1, 57, 60]
[21, 19, 57, 68, 31, 10, 8, 33, 19, 26, 90, -1, 9]
[15, 18, 93, 72, 3, 76, 19, 48, 93, 96, 23, 94, -1]


Greedy:
([0, 4, 10, 7, 9, 11, 6, 1, 5, 2, 8, 12, 3, 7], 323)
6.60419464111e-05

Branch and boundary:
([0, 4, 6, 8, 5, 2, 10, 3, 7, 9, 1, 11, 12], 180.0)
0.0211381912231

Local search(2 opt):
(array([ 0,  9,  1,  5,  2,  3,  8,  7,  4, 10,  6, 11, 12]), 321.0)
0.00517678260803

Local search(3 opt):
(array([ 1,  5,  6,  8,  7,  2,  0,  9,  4, 10,  3, 11, 12]), 292.0)
0.00811004638672


Graph with 14 vertices.
[-1, 100, 55, 69, 95, 31, 67, 51, 14, 64, 88, 17, 38, 92]
[48, -1, 3, 96, 23, 77, 55, 47, 96, 52, 13, 9, 75, 21]
[10, 98, -1, 78, 39, 5, 54, 46, 45, 27, 53, 71, 77, 90]
[7, 60, 73, -1, 21, 27, 9, 39, 69, 22, 44, 33, 19, 10]
[63, 23, 18, 89, -1, 2, 17, 78, 34, 84, 14, 47, 82, 84]
[48, 3, 36, 56, 20, -1, 16, 30, 11, 3, 16, 31, 43, 40]
[45, 10, 50, 48, 21, 5, -1, 69, 30, 55, 82, 9, 1, 57]
[93, 36, 66, 16, 95, 53, 90, -1, 39, 57, 24, 25, 100, 48]
[13, 70, 30, 59, 55, 26, 4, 26, -1, 69, 81, 56, 84, 31]
[86, 65, 92, 20, 66, 12, 67, 23, 16, -1, 73, 77, 65, 12]
[68, 80, 92, 79, 18, 55, 14, 46, 47, 86, -1, 70, 52, 68]
[82, 4, 53, 32, 33, 41, 39, 98, 64, 71, 84, -1, 55, 70]
[87, 18, 76, 73, 36, 13, 71, 51, 82, 71, 35, 29, -1, 93]
[24, 29, 26, 42, 60, 83, 95, 98, 69, 40, 78, 77, 58, -1]


Greedy:
([0, 8, 6, 12, 5, 1, 2, 9, 13, 3, 4, 10, 7, 11, 1], 229)
6.38961791992e-05

Branch and boundary:
([0, 8, 6, 12, 11, 1, 10, 4, 5, 9, 7, 3, 13, 2], 173.0)
0.0173199176788

Local search(2 opt):
(array([ 0, 11, 12,  5,  4,  2,  8,  6,  1, 10,  7,  3,  9, 13]), 315.0)
0.00798988342285

Local search(3 opt):
(array([ 0,  8,  2,  5,  9,  7,  3,  4, 10,  6, 12, 11,  1, 13]), 219.0)
0.0178380012512


Graph with 15 vertices.
[-1, 70, 63, 90, 60, 8, 29, 55, 71, 58, 27, 57, 53, 21, 43]
[8, -1, 66, 32, 28, 59, 19, 87, 93, 92, 63, 33, 58, 72, 90]
[84, 87, -1, 13, 15, 87, 91, 9, 43, 19, 36, 71, 98, 44, 23]
[44, 91, 25, -1, 29, 68, 88, 46, 41, 43, 48, 23, 5, 14, 48]
[10, 54, 53, 99, -1, 76, 65, 72, 80, 77, 86, 18, 91, 69, 68]
[54, 44, 5, 70, 30, -1, 84, 41, 1, 88, 89, 9, 18, 37, 3]
[6, 9, 31, 14, 24, 90, -1, 96, 24, 26, 29, 8, 54, 76, 49]
[14, 93, 57, 37, 94, 24, 56, -1, 72, 43, 13, 62, 50, 75, 37]
[42, 11, 23, 31, 35, 46, 29, 25, -1, 47, 81, 7, 52, 65, 32]
[53, 64, 88, 77, 82, 66, 11, 84, 30, -1, 33, 10, 17, 2, 38]
[32, 40, 60, 45, 76, 75, 41, 23, 6, 77, -1, 27, 53, 88, 46]
[25, 22, 76, 98, 47, 69, 13, 62, 16, 31, 4, -1, 45, 79, 1]
[81, 21, 14, 41, 28, 98, 71, 54, 52, 81, 95, 18, -1, 56, 99]
[9, 88, 13, 42, 70, 75, 28, 74, 67, 63, 70, 23, 18, -1, 10]
[62, 5, 37, 92, 79, 36, 6, 96, 74, 42, 43, 92, 57, 25, -1]


Greedy:
([0, 5, 8, 11, 14, 1, 6, 3, 12, 2, 7, 10, 4, 13, 9, 13], 306)
7.10487365723e-05

Branch and boundary:
([0, 5, 14, 6, 3, 12, 4, 11, 9, 13, 2, 7, 10, 8, 1], 175.0)
0.0249261856079

Local search(2 opt):
(array([ 7,  3, 12,  4,  1,  6,  9,  8, 11, 10, 14, 13,  0,  5,  2]), 312.0)
0.0141990184784

Local search(3 opt):
(array([ 6,  2,  7,  0,  5,  4, 11, 10,  8,  9, 12,  1,  3, 13, 14]), 267.0)
0.0229530334473


Graph with 16 vertices.
[-1, 100, 37, 47, 21, 92, 47, 13, 63, 17, 90, 13, 52, 18, 17, 25]
[15, -1, 34, 96, 2, 49, 58, 3, 18, 9, 63, 2, 91, 25, 94, 87]
[44, 29, -1, 71, 46, 52, 75, 70, 35, 34, 44, 59, 2, 88, 68, 20]
[72, 54, 21, -1, 82, 48, 70, 94, 52, 68, 71, 37, 24, 30, 1, 43]
[89, 35, 98, 85, -1, 93, 59, 67, 11, 77, 13, 76, 47, 65, 13, 44]
[28, 84, 76, 95, 25, -1, 52, 96, 73, 58, 69, 41, 79, 71, 51, 73]
[49, 27, 53, 32, 84, 43, -1, 66, 85, 38, 26, 75, 97, 95, 86, 41]
[47, 63, 91, 45, 28, 56, 96, -1, 65, 63, 91, 90, 21, 13, 22, 69]
[48, 3, 14, 83, 20, 78, 91, 71, -1, 59, 15, 6, 89, 100, 29, 28]
[22, 59, 95, 63, 46, 82, 85, 34, 28, -1, 86, 100, 3, 2, 65, 24]
[75, 62, 40, 54, 100, 73, 91, 93, 1, 73, -1, 30, 72, 18, 15, 19]
[95, 92, 94, 2, 47, 61, 94, 4, 29, 100, 8, -1, 40, 98, 52, 40]
[80, 44, 89, 60, 39, 48, 92, 50, 58, 48, 57, 45, -1, 58, 66, 6]
[9, 13, 25, 16, 63, 20, 66, 81, 36, 12, 69, 47, 86, -1, 54, 45]
[11, 89, 14, 8, 94, 5, 47, 45, 22, 92, 38, 52, 65, 23, -1, 31]
[2, 75, 46, 6, 88, 12, 15, 92, 80, 53, 79, 72, 37, 36, 35, -1]


Greedy:
([0, 7, 13, 9, 12, 15, 3, 14, 5, 4, 8, 1, 11, 10, 2, 6, 10], 249)
9.10758972168e-05

Branch and boundary:
([0, 11, 7, 4, 10, 8, 2, 12, 15, 6, 1, 9, 13, 3, 14, 5], 184.0)
0.0263721942902

Local search(2 opt):
(array([ 0, 11, 10,  8,  6,  3,  2,  5,  4, 12,  9, 13,  1,  7, 14, 15]), 411.0)
0.0212211608887

Local search(3 opt):
(array([ 6, 10,  8, 11,  7,  4,  1,  9, 13,  3, 14,  5,  0,  2, 12, 15]), 221.0)
0.0330319404602


Graph with 17 vertices.
[-1, 91, 43, 84, 88, 46, 18, 83, 88, 78, 42, 5, 97, 49, 69, 29, 24]
[41, -1, 91, 77, 70, 39, 29, 61, 54, 88, 29, 3, 16, 4, 5, 6, 46]
[5, 43, -1, 55, 50, 24, 6, 53, 89, 95, 12, 76, 38, 25, 46, 86, 95]
[73, 89, 85, -1, 59, 92, 39, 40, 25, 81, 75, 30, 84, 66, 2, 79, 83]
[66, 36, 27, 95, -1, 76, 34, 39, 58, 58, 17, 24, 16, 51, 40, 31, 38]
[72, 51, 84, 5, 59, -1, 67, 42, 92, 56, 8, 89, 9, 46, 95, 26, 22]
[4, 42, 58, 66, 27, 75, -1, 94, 66, 37, 77, 40, 22, 97, 46, 60, 78]
[32, 58, 37, 48, 75, 52, 47, -1, 57, 69, 78, 46, 51, 78, 33, 55, 81]
[64, 46, 20, 59, 92, 37, 93, 52, -1, 23, 63, 73, 76, 16, 84, 50, 38]
[60, 81, 98, 65, 51, 87, 81, 77, 60, -1, 13, 2, 84, 35, 48, 65, 37]
[57, 88, 35, 95, 67, 62, 86, 85, 20, 49, -1, 88, 71, 52, 30, 52, 92]
[29, 1, 80, 19, 4, 28, 54, 12, 30, 24, 100, -1, 26, 100, 86, 83, 24]
[63, 8, 23, 21, 83, 4, 48, 27, 4, 38, 50, 92, -1, 45, 13, 54, 32]
[66, 45, 40, 63, 67, 64, 37, 32, 14, 87, 65, 5, 32, -1, 50, 51, 93]
[3, 63, 27, 56, 42, 57, 29, 67, 52, 57, 12, 18, 56, 67, -1, 66, 99]
[10, 85, 94, 14, 52, 88, 12, 30, 39, 21, 42, 80, 72, 28, 12, -1, 56]
[69, 28, 68, 48, 5, 80, 52, 55, 85, 99, 81, 69, 54, 71, 5, 88, -1]


Greedy:
([0, 11, 1, 13, 8, 2, 6, 12, 5, 3, 14, 10, 9, 16, 4, 15, 7, 0], 279)
8.20159912109e-05

Branch and boundary:
([0, 16, 4, 12, 5, 3, 14, 10, 8, 9, 11, 1, 15, 13, 7, 2, 6], 227.0)
0.0335779190063

Local search(2 opt):
(array([ 2,  5, 10,  9,  4, 15,  7,  1, 13, 12,  6,  0, 16, 14, 11,  3,  8]), 450.0)
0.0254909992218

Local search(3 opt):
(array([ 4, 10,  2,  5, 12,  1, 13,  8,  9, 11,  7, 15,  3, 14,  6,  0, 16]), 281.0)
0.0471501350403


Graph with 18 vertices.
[-1, 78, 14, 75, 17, 87, 31, 57, 12, 22, 54, 46, 8, 96, 9, 89, 21, 63]
[93, -1, 88, 89, 53, 52, 87, 48, 19, 32, 76, 84, 53, 79, 27, 39, 75, 14]
[31, 78, -1, 29, 80, 62, 13, 65, 24, 25, 17, 41, 44, 100, 29, 40, 61, 7]
[16, 92, 75, -1, 27, 45, 74, 73, 42, 38, 20, 70, 25, 43, 71, 12, 61, 8]
[97, 77, 27, 91, -1, 15, 84, 82, 1, 59, 44, 4, 86, 96, 25, 2, 96, 5]
[34, 14, 81, 58, 21, -1, 81, 91, 68, 56, 58, 30, 51, 82, 75, 88, 12, 80]
[70, 33, 6, 65, 97, 64, -1, 47, 98, 55, 70, 80, 7, 99, 33, 74, 79, 23]
[21, 55, 30, 44, 26, 77, 82, -1, 61, 60, 81, 93, 66, 62, 44, 75, 12, 42]
[29, 89, 98, 80, 43, 51, 88, 18, -1, 96, 79, 67, 53, 52, 38, 8, 58, 2]
[30, 2, 90, 38, 2, 73, 88, 68, 19, -1, 48, 54, 86, 52, 96, 79, 91, 26]
[84, 97, 87, 79, 18, 9, 80, 66, 19, 41, -1, 57, 67, 29, 6, 20, 92, 94]
[37, 63, 100, 3, 72, 71, 3, 22, 3, 63, 36, -1, 61, 40, 5, 50, 63, 86]
[55, 32, 90, 35, 12, 48, 18, 87, 46, 46, 52, 96, -1, 45, 13, 100, 100, 31]
[1, 50, 82, 55, 74, 6, 28, 6, 86, 17, 98, 3, 94, -1, 53, 62, 59, 3]
[48, 58, 47, 84, 85, 59, 63, 72, 39, 76, 24, 34, 53, 21, -1, 18, 95, 86]
[34, 21, 35, 89, 3, 67, 42, 44, 53, 20, 26, 100, 46, 15, 10, -1, 42, 9]
[85, 63, 73, 96, 83, 28, 51, 98, 48, 10, 24, 4, 2, 98, 92, 97, -1, 46]
[41, 23, 87, 54, 51, 94, 42, 81, 44, 31, 76, 32, 85, 60, 37, 67, 3, -1]


Greedy:
([0, 12, 4, 8, 17, 16, 11, 3, 15, 14, 13, 5, 1, 9, 10, 7, 2, 6, 2], 291)
0.000103950500488

Branch and boundary:
([0, 12, 6, 2, 10, 5, 1, 8, 17, 16, 9, 4, 11, 3, 15, 14, 13, 7], 185.0)
0.0355479717255

Local search(2 opt):
(array([ 8, 15, 12, 14, 13,  5,  3,  4,  2, 10,  9, 11,  6,  1, 17, 16,  7,
        0]), 502.0)
0.02281498909

Local search(3 opt):
(array([ 8,  7,  2,  3, 10,  5, 16,  9,  4, 11,  6, 12, 13,  0, 14, 15, 17,
        1]), 268.0)
0.0608940124512


Graph with 19 vertices.
[-1, 67, 11, 47, 98, 33, 84, 34, 96, 54, 99, 2, 52, 37, 62, 84, 53, 60, 91]
[46, -1, 59, 23, 97, 91, 83, 86, 22, 14, 68, 39, 22, 24, 1, 45, 48, 74, 26]
[16, 54, -1, 89, 87, 90, 9, 73, 92, 47, 94, 39, 82, 30, 81, 70, 20, 64, 85]
[75, 10, 1, -1, 45, 29, 88, 73, 63, 58, 84, 45, 27, 76, 8, 16, 19, 62, 49]
[31, 72, 42, 94, -1, 90, 65, 88, 67, 26, 33, 17, 3, 73, 85, 97, 6, 73, 87]
[22, 45, 63, 90, 55, -1, 30, 84, 31, 64, 21, 77, 95, 79, 20, 64, 17, 8, 88]
[11, 91, 63, 63, 72, 89, -1, 14, 48, 39, 62, 41, 86, 58, 81, 87, 92, 91, 15]
[21, 93, 78, 87, 82, 66, 26, -1, 47, 34, 35, 36, 18, 46, 81, 80, 38, 10, 26]
[56, 23, 2, 1, 62, 2, 56, 12, -1, 37, 53, 27, 2, 44, 31, 68, 95, 37, 85]
[42, 79, 58, 51, 83, 78, 3, 72, 78, -1, 59, 4, 49, 77, 7, 16, 35, 52, 12]
[90, 56, 67, 50, 59, 43, 31, 72, 7, 72, -1, 16, 88, 20, 90, 15, 62, 46, 68]
[72, 29, 100, 13, 52, 26, 96, 75, 19, 58, 99, -1, 38, 50, 30, 50, 36, 84, 74]
[25, 78, 96, 47, 37, 68, 34, 100, 98, 87, 3, 15, -1, 44, 92, 35, 30, 64, 87]
[16, 44, 65, 41, 90, 45, 23, 87, 68, 52, 76, 1, 1, -1, 17, 46, 80, 67, 1]
[55, 69, 59, 6, 39, 27, 100, 23, 79, 60, 32, 15, 41, 51, -1, 48, 92, 17, 64]
[86, 48, 97, 55, 78, 8, 19, 8, 72, 19, 12, 25, 58, 46, 7, -1, 35, 4, 13]
[48, 36, 97, 31, 49, 16, 93, 77, 21, 52, 81, 32, 91, 77, 79, 21, -1, 37, 17]
[68, 75, 83, 39, 72, 17, 49, 4, 53, 49, 19, 27, 10, 34, 41, 24, 12, -1, 48]
[43, 72, 98, 36, 20, 13, 82, 30, 72, 96, 95, 84, 45, 66, 17, 35, 31, 56, -1]


Greedy:
([0, 11, 3, 2, 6, 7, 17, 12, 10, 8, 5, 16, 18, 14, 4, 9, 15, 13, 1, 14], 294)
0.000110864639282

Branch and boundary:
([0, 11, 1, 9, 15, 7, 17, 12, 10, 13, 18, 4, 16, 8, 5, 14, 3, 2, 6], 209.0)
0.0859780311584

Local search(2 opt):
(array([ 0,  2, 16, 17,  7,  9, 15, 13, 14, 10,  4, 12, 11,  3,  1,  8,  5,
        6, 18]), 429.0)
0.0259008407593

Local search(3 opt):
(array([ 1,  9, 11,  4, 12, 10,  8,  5,  0, 13, 14,  3,  2, 16, 15,  7, 17,
        6, 18]), 363.0)
0.0794749259949
