Graph with 9 vertices.
[-1, 89, 12, 46, 84, 7, 11, 62, 11]
[66, -1, 22, 60, 37, 48, 51, 43, 59]
[2, 92, -1, 48, 29, 70, 3, 17, 21]
[28, 34, 72, -1, 89, 48, 49, 88, 29]
[1, 77, 95, 53, -1, 14, 97, 89, 64]
[15, 70, 20, 52, 65, -1, 2, 22, 47]
[48, 29, 1, 46, 4, 89, -1, 5, 31]
[19, 92, 34, 25, 4, 87, 60, -1, 89]
[37, 2, 42, 77, 56, 42, 8, 46, -1]

Brute force:
([0, 5, 7, 3, 8, 1, 2, 6, 4], 115)
0.183318853378

Greedy:
([0, 5, 6, 2, 7, 4, 3, 8, 1, 2], 137)
5.10215759277e-05

Branch and boundary:
([0, 5, 7, 3, 8, 1, 2, 6, 4], 129.0)
0.00969481468201

Local search(2 opt):
(array([1, 4, 5, 0, 8, 6, 2, 7, 3]), 162.0)
0.00259399414062

Local search(3 opt):
(array([0, 1, 2, 3, 4, 5, 6, 7, 8]), 395)
0.000205993652344


Graph with 10 vertices.
[-1, 56, 56, 94, 86, 17, 30, 58, 19, 80]
[96, -1, 30, 32, 32, 16, 37, 58, 6, 3]
[79, 70, -1, 78, 76, 67, 57, 39, 12, 52]
[89, 44, 94, -1, 50, 63, 27, 71, 47, 12]
[79, 47, 13, 7, -1, 56, 72, 51, 75, 22]
[98, 28, 7, 19, 71, -1, 45, 30, 28, 92]
[92, 70, 52, 68, 52, 56, -1, 88, 75, 56]
[16, 81, 51, 23, 55, 33, 58, -1, 88, 19]
[33, 30, 80, 8, 13, 40, 29, 96, -1, 44]
[64, 21, 99, 39, 37, 84, 90, 18, 30, -1]

Brute force:
([0, 5, 2, 8, 4, 3, 6, 1, 9, 7], 190)
1.32913804054

Greedy:
([0, 5, 2, 8, 3, 9, 7, 4, 1, 6, 2], 265)
8.60691070557e-05

Branch and boundary:
([0, 5, 2, 8, 4, 3, 6, 1, 9, 7], 190.0)
0.0136730670929

Local search(2 opt):
(array([0, 6, 2, 8, 4, 3, 1, 5, 7, 9]), 287.0)
0.00676703453064

Local search(3 opt):
(array([6, 4, 1, 2, 8, 9, 0, 5, 7, 3]), 346.0)
0.0149819850922


Graph with 11 vertices.
[-1, 10, 21, 35, 9, 47, 9, 87, 21, 6, 6]
[40, -1, 52, 58, 96, 56, 66, 99, 30, 11, 79]
[68, 96, -1, 71, 37, 34, 93, 28, 85, 91, 46]
[85, 2, 92, -1, 7, 96, 37, 94, 57, 44, 93]
[27, 3, 64, 11, -1, 79, 59, 76, 8, 76, 41]
[40, 75, 90, 23, 65, -1, 99, 18, 54, 48, 30]
[94, 76, 57, 51, 11, 91, -1, 56, 33, 99, 60]
[27, 23, 21, 80, 32, 51, 78, -1, 40, 12, 42]
[44, 43, 3, 77, 12, 10, 19, 54, -1, 61, 50]
[75, 18, 100, 22, 10, 85, 92, 2, 60, -1, 43]
[51, 67, 25, 54, 79, 39, 77, 64, 75, 43, -1]

Brute force:
([0, 6, 4, 8, 2, 10, 5, 3, 1, 9, 7], 181)
16.3132328987

Greedy:
([0, 9, 7, 2, 5, 3, 1, 8, 4, 10, 6, 4], 259)
6.103515625e-05

Branch and boundary:
([0, 6, 4, 8, 2, 10, 5, 3, 1, 9, 7], 181.0)
0.0103929042816

Local search(2 opt):
(array([ 0,  8,  6,  4,  3,  1,  9,  7,  2,  5, 10]), 213.0)
0.00452208518982

Local search(3 opt):
(array([ 9,  4,  3,  6,  2,  5,  7,  1,  8,  0, 10]), 313.0)
0.0182230472565


Graph with 12 vertices.
[-1, 37, 85, 50, 54, 6, 92, 57, 71, 21, 93, 62]
[91, -1, 86, 61, 40, 43, 92, 92, 30, 76, 28, 84]
[45, 63, -1, 73, 54, 40, 24, 50, 96, 57, 77, 84]
[37, 26, 23, -1, 9, 84, 87, 38, 54, 51, 67, 31]
[25, 55, 55, 52, -1, 71, 93, 20, 46, 61, 99, 45]
[28, 32, 27, 10, 81, -1, 74, 48, 89, 32, 34, 85]
[87, 99, 55, 82, 56, 17, -1, 95, 83, 35, 26, 50]
[86, 6, 76, 82, 16, 41, 20, -1, 78, 25, 87, 92]
[25, 66, 31, 23, 23, 5, 62, 81, -1, 51, 10, 24]
[11, 10, 13, 41, 24, 6, 36, 67, 90, -1, 28, 42]
[75, 46, 62, 76, 80, 55, 56, 44, 92, 85, -1, 21]
[7, 61, 2, 81, 6, 33, 84, 48, 7, 85, 3, -1]

Brute force:
([0, 5, 3, 4, 7, 1, 8, 10, 11, 2, 6, 9], 184)
165.553697824

Greedy:
([0, 5, 3, 4, 7, 1, 10, 11, 2, 6, 9, 8, 5], 256)
6.48498535156e-05

Branch and boundary:
([0, 5, 3, 4, 7, 1, 8, 10, 11, 2, 6, 9], 184.0)
0.0159740447998

Local search(2 opt):
(array([ 0,  3,  4,  7,  1,  8,  5,  2,  6,  9, 10, 11]), 262.0)
0.00427293777466

Local search(3 opt):
(array([ 1,  8,  0,  5,  3,  2,  6, 10, 11,  4,  7,  9]), 226.0)
0.025093793869


Graph with 13 vertices.
[-1, 32, 22, 36, 10, 53, 85, 60, 31, 21, 59, 60, 8]
[54, -1, 68, 5, 14, 50, 17, 30, 72, 31, 25, 87, 10]
[28, 79, -1, 52, 76, 56, 84, 74, 28, 40, 68, 25, 20]
[2, 9, 77, -1, 1, 15, 6, 85, 74, 16, 30, 11, 90]
[49, 49, 67, 3, -1, 49, 21, 78, 100, 89, 83, 37, 59]
[30, 19, 31, 12, 55, -1, 66, 80, 67, 64, 2, 7, 60]
[44, 46, 4, 51, 25, 82, -1, 4, 68, 77, 93, 19, 48]
[23, 73, 47, 4, 12, 25, 55, -1, 16, 82, 41, 17, 45]
[72, 70, 58, 39, 80, 26, 14, 82, -1, 11, 80, 97, 22]
[12, 17, 57, 77, 64, 10, 75, 11, 79, -1, 63, 67, 99]
[84, 99, 97, 7, 67, 14, 24, 11, 26, 21, -1, 18, 36]
[18, 79, 69, 5, 29, 74, 85, 62, 10, 27, 90, -1, 63]
[70, 52, 5, 80, 13, 90, 80, 3, 34, 26, 52, 61, -1]

Brute force:
([0, 4, 3, 1, 6, 2, 12, 7, 8, 9, 5, 10, 11], 141)
2084.84844398

Greedy:
([0, 12, 7, 3, 4, 6, 2, 11, 8, 9, 5, 10, 1, 3], 203)
0.000127077102661

Branch and boundary:
([0, 4, 3, 1, 12, 7, 11, 8, 9, 5, 10, 6, 2], 141.0)
0.0342938899994

Local search(2 opt):
(array([ 4,  3,  6, 12,  7, 10, 11,  8,  9,  5,  2,  0,  1]), 255.0)
0.0197761058807

Local search(3 opt):
(array([ 2,  8,  9,  5,  1, 10,  4,  6,  7,  3, 11,  0, 12]), 231.0)
0.0694692134857
