

Graph with 10 vertices.
[-1, 57, 13, 42, 62, 57, 81, 13, 63, 23]
[12, -1, 96, 14, 29, 90, 89, 91, 74, 10]
[80, 94, -1, 27, 61, 71, 73, 13, 46, 80]
[67, 92, 33, -1, 65, 76, 69, 62, 36, 78]
[100, 15, 46, 93, -1, 80, 89, 34, 14, 15]
[44, 95, 51, 75, 99, -1, 43, 39, 19, 74]
[90, 44, 50, 63, 82, 98, -1, 27, 65, 46]
[4, 63, 26, 64, 46, 34, 95, -1, 76, 87]
[32, 99, 3, 75, 92, 76, 24, 67, -1, 25]
[43, 7, 76, 13, 79, 70, 12, 83, 59, -1]


Simulated annealing(Koshi):
(array([6, 7, 0, 5, 8, 2, 3, 4, 1, 9]), 239.0)
0.031140089035

Simulated annealing(Bolcman):
(array([1, 4, 5, 6, 2, 7, 0, 3, 8, 9]), 329.0)
0.0306749343872

Brute force:
([0, 9, 6, 7, 5, 8, 2, 3, 4, 1], 237)
0.908550977707


Graph with 10 vertices.
[-1, 58, 81, 4, 63, 8, 79, 41, 44, 75]
[85, -1, 50, 29, 83, 53, 42, 68, 72, 9]
[49, 53, -1, 17, 69, 34, 50, 33, 33, 21]
[11, 26, 97, -1, 54, 57, 45, 62, 80, 62]
[27, 90, 49, 61, -1, 84, 32, 38, 59, 99]
[34, 41, 30, 32, 16, -1, 74, 14, 46, 79]
[92, 65, 51, 42, 42, 51, -1, 74, 60, 14]
[30, 91, 77, 67, 58, 23, 92, -1, 50, 83]
[4, 47, 16, 14, 79, 14, 39, 37, -1, 83]
[98, 90, 54, 29, 55, 88, 7, 63, 20, -1]


Simulated annealing(Koshi):
(array([6, 4, 7, 8, 0, 5, 2, 3, 1, 9]), 231.0)
0.0304741859436

Simulated annealing(Bolcman):
(array([6, 4, 7, 5, 2, 8, 0, 3, 1, 9]), 216.0)
0.0276999473572

Brute force:
([0, 3, 1, 9, 6, 4, 7, 5, 2, 8], 216)
0.899361133575


Graph with 10 vertices.
[-1, 20, 98, 91, 71, 74, 13, 45, 58, 39]
[47, -1, 87, 50, 82, 44, 53, 88, 87, 5]
[55, 78, -1, 51, 93, 61, 9, 34, 2, 86]
[73, 77, 42, -1, 68, 62, 69, 13, 75, 9]
[43, 20, 3, 34, -1, 28, 7, 30, 39, 19]
[72, 19, 41, 45, 1, -1, 92, 70, 59, 35]
[84, 14, 62, 43, 72, 20, -1, 36, 77, 44]
[31, 15, 91, 15, 48, 60, 13, -1, 21, 21]
[9, 36, 92, 57, 87, 18, 5, 54, -1, 82]
[26, 91, 30, 24, 23, 44, 1, 26, 2, -1]


Simulated annealing(Koshi):
(array([3, 2, 8, 6, 5, 4, 7, 0, 1, 9]), 180.0)
0.0403518676758

Simulated annealing(Bolcman):
(array([4, 2, 8, 0, 1, 3, 7, 6, 5, 9]), 188.0)
0.0315158367157

Brute force:
([0, 1, 9, 3, 7, 6, 5, 4, 2, 8], 110)
0.954880952835


Graph with 10 vertices.
[-1, 40, 61, 95, 7, 62, 9, 14, 75, 98]
[44, -1, 68, 32, 45, 87, 10, 47, 8, 80]
[66, 45, -1, 27, 81, 65, 23, 51, 89, 100]
[50, 87, 65, -1, 8, 12, 21, 39, 93, 55]
[64, 62, 38, 86, -1, 27, 54, 89, 2, 45]
[91, 63, 96, 45, 12, -1, 81, 61, 18, 12]
[27, 2, 17, 40, 20, 26, -1, 92, 100, 14]
[33, 97, 85, 81, 52, 73, 9, -1, 38, 94]
[88, 92, 61, 61, 19, 59, 17, 84, -1, 78]
[6, 35, 87, 33, 50, 23, 59, 93, 34, -1]


Simulated annealing(Koshi):
(array([0, 1, 8, 4, 2, 3, 7, 6, 5, 9]), 224.0)
0.0345141887665

Simulated annealing(Bolcman):
(array([1, 8, 6, 2, 3, 7, 0, 4, 5, 9]), 222.0)
0.0251250267029

Brute force:
([0, 7, 6, 1, 8, 4, 2, 3, 5, 9], 147)
0.947710037231


Graph with 10 vertices.
[-1, 98, 97, 12, 71, 8, 28, 95, 9, 97]
[40, -1, 50, 83, 35, 47, 80, 54, 56, 47]
[59, 19, -1, 62, 54, 61, 55, 56, 55, 50]
[6, 21, 11, -1, 87, 28, 24, 84, 52, 26]
[18, 41, 94, 92, -1, 74, 55, 88, 8, 90]
[37, 24, 53, 57, 73, -1, 48, 63, 46, 81]
[56, 38, 17, 8, 65, 28, -1, 44, 5, 20]
[66, 37, 68, 20, 48, 84, 21, -1, 5, 79]
[69, 5, 83, 51, 62, 99, 22, 94, -1, 45]
[39, 48, 78, 56, 23, 94, 73, 44, 44, -1]


Simulated annealing(Koshi):
(array([4, 0, 5, 2, 1, 7, 8, 6, 3, 9]), 236.0)
0.0278499126434

Simulated annealing(Bolcman):
(array([4, 8, 1, 0, 5, 6, 2, 7, 3, 9]), 251.0)
0.0302410125732

Brute force:
([0, 5, 1, 7, 8, 6, 3, 2, 9, 4], 223)
0.960023880005


Graph with 10 vertices.
[-1, 47, 18, 97, 58, 22, 47, 66, 77, 70]
[57, -1, 17, 24, 90, 18, 30, 46, 40, 15]
[86, 4, -1, 79, 85, 41, 93, 58, 23, 85]
[10, 93, 46, -1, 51, 47, 55, 74, 2, 81]
[77, 97, 73, 62, -1, 83, 69, 1, 95, 75]
[27, 25, 67, 3, 66, -1, 2, 69, 38, 28]
[41, 35, 66, 7, 19, 28, -1, 49, 15, 63]
[74, 64, 48, 58, 86, 47, 49, -1, 71, 11]
[35, 61, 77, 47, 29, 55, 66, 85, -1, 34]
[99, 60, 16, 33, 19, 29, 26, 22, 58, -1]


Simulated annealing(Koshi):
(array([4, 0, 2, 1, 3, 8, 5, 6, 7, 9]), 261.0)
0.0289878845215

Simulated annealing(Bolcman):
(array([7, 1, 5, 3, 8, 4, 6, 0, 2, 9]), 351.0)
0.0308859348297

Brute force:
([0, 5, 6, 8, 4, 7, 9, 2, 1, 3], 134)
0.919838190079


Graph with 10 vertices.
[-1, 100, 82, 66, 73, 16, 38, 88, 35, 44]
[56, -1, 19, 52, 72, 7, 51, 84, 15, 92]
[25, 23, -1, 27, 46, 91, 70, 28, 97, 73]
[62, 97, 68, -1, 95, 66, 48, 7, 94, 40]
[50, 10, 70, 68, -1, 1, 11, 22, 69, 81]
[36, 100, 25, 23, 66, -1, 32, 19, 29, 62]
[5, 21, 50, 87, 62, 1, -1, 27, 19, 36]
[38, 14, 50, 48, 91, 95, 72, -1, 16, 15]
[1, 49, 84, 52, 43, 48, 20, 93, -1, 53]
[20, 91, 94, 75, 32, 98, 23, 26, 15, -1]


Simulated annealing(Koshi):
(array([4, 6, 0, 3, 7, 8, 1, 5, 2, 9]), 291.0)
0.0276699066162

Simulated annealing(Bolcman):
(array([8, 0, 5, 3, 6, 1, 2, 4, 7, 9]), 226.0)
0.0278561115265

Brute force:
([0, 5, 2, 3, 7, 9, 4, 6, 1, 8], 170)
0.962177038193


Graph with 10 vertices.
[-1, 98, 30, 74, 41, 68, 42, 88, 4, 15]
[82, -1, 81, 2, 87, 94, 50, 31, 76, 64]
[34, 79, -1, 69, 57, 16, 35, 22, 96, 35]
[31, 16, 24, -1, 13, 2, 98, 79, 26, 55]
[95, 20, 8, 27, -1, 89, 36, 38, 16, 52]
[15, 52, 4, 69, 53, -1, 33, 72, 41, 61]
[23, 21, 8, 18, 42, 98, -1, 88, 62, 3]
[69, 90, 47, 83, 16, 77, 35, -1, 11, 94]
[4, 63, 43, 64, 29, 72, 90, 76, -1, 17]
[20, 78, 56, 22, 21, 82, 35, 59, 52, -1]


Simulated annealing(Koshi):
(array([8, 1, 7, 4, 3, 5, 2, 0, 6, 9]), 274.0)
0.0252139568329

Simulated annealing(Bolcman):
(array([0, 6, 2, 7, 4, 1, 3, 5, 8, 9]), 190.0)
0.0251221656799

Brute force:
([0, 6, 9, 4, 1, 3, 5, 2, 7, 8], 131)
0.912083148956


Graph with 10 vertices.
[-1, 62, 91, 37, 99, 99, 95, 89, 42, 22]
[37, -1, 94, 13, 1, 84, 16, 98, 61, 61]
[77, 99, -1, 62, 32, 29, 97, 6, 21, 63]
[37, 54, 33, -1, 81, 56, 62, 48, 22, 36]
[65, 37, 21, 61, -1, 32, 71, 51, 16, 23]
[40, 89, 3, 21, 45, -1, 40, 73, 2, 46]
[98, 43, 92, 33, 31, 39, -1, 92, 71, 79]
[60, 2, 69, 1, 96, 6, 53, -1, 43, 65]
[16, 99, 20, 60, 53, 32, 21, 96, -1, 54]
[13, 23, 60, 84, 40, 54, 57, 57, 20, -1]


Simulated annealing(Koshi):
(array([0, 1, 6, 4, 8, 2, 7, 5, 3, 9]), 227.0)
0.0250880718231

Simulated annealing(Bolcman):
(array([0, 7, 1, 6, 3, 8, 5, 2, 4, 9]), 265.0)
0.0253319740295

Brute force:
([0, 3, 8, 6, 5, 2, 7, 1, 4, 9], 167)
0.896641969681


Graph with 10 vertices.
[-1, 30, 21, 59, 91, 100, 57, 22, 24, 61]
[38, -1, 83, 65, 58, 13, 69, 11, 85, 38]
[29, 52, -1, 18, 63, 16, 45, 19, 56, 63]
[6, 46, 62, -1, 96, 8, 1, 48, 32, 21]
[14, 51, 40, 11, -1, 87, 65, 71, 39, 88]
[8, 22, 42, 25, 51, -1, 2, 62, 49, 76]
[80, 48, 96, 19, 28, 30, -1, 14, 15, 52]
[20, 7, 26, 96, 97, 63, 21, -1, 5, 24]
[87, 31, 98, 81, 29, 27, 55, 80, -1, 60]
[8, 51, 75, 77, 72, 4, 14, 25, 8, -1]


Simulated annealing(Koshi):
(array([0, 2, 7, 1, 5, 6, 8, 4, 3, 9]), 146.0)
0.0286591053009

Simulated annealing(Bolcman):
(array([0, 2, 7, 1, 5, 6, 8, 4, 3, 9]), 146.0)
0.026862859726

Brute force:
([0, 2, 7, 1, 5, 6, 8, 4, 3, 9], 146)
0.904582977295
